C:\Users\Lifeislikeamelody\gitHub\VFX_HW2\TestImage\parrington\prtn01.jpg
384 512

1 0 255.5 
0 1 191.5 
0 0 1 

0.999748 0.0178156 0.0136541 
-0.017814 0.999841 -0.000243572 
-0.0136563 4.16569e-008 0.999907 

706.456

C:\Users\Lifeislikeamelody\gitHub\VFX_HW2\TestImage\parrington\prtn02.jpg
384 512

1 0 255.5 
0 1 191.5 
0 0 1 

0.999741 0.0128515 0.0187626 
-0.0184666 0.940272 0.339922 
-0.0132734 -0.340181 0.940266 

705.899

C:\Users\Lifeislikeamelody\gitHub\VFX_HW2\TestImage\parrington\prtn03.jpg
384 512

1 0 255.5 
0 1 191.5 
0 0 1 

0.99976 0.00505635 0.0213033 
-0.0174608 0.771163 0.636399 
-0.0132104 -0.636618 0.771066 

706.702

C:\Users\Lifeislikeamelody\gitHub\VFX_HW2\TestImage\parrington\prtn04.jpg
384 512

1 0 255.5 
0 1 191.5 
0 0 1 

0.99978 -0.00303489 0.0207724 
-0.0164442 0.50187 0.864787 
-0.0130495 -0.864938 0.501709 

706.647

C:\Users\Lifeislikeamelody\gitHub\VFX_HW2\TestImage\parrington\prtn05.jpg
384 512

1 0 255.5 
0 1 191.5 
0 0 1 

0.999771 -0.0103915 0.0187116 
-0.0165101 0.181927 0.983173 
-0.0136208 -0.983257 0.181714 

705.569

C:\Users\Lifeislikeamelody\gitHub\VFX_HW2\TestImage\parrington\prtn06.jpg
384 512

1 0 255.5 
0 1 191.5 
0 0 1 

0.999741 -0.0164598 0.0156889 
-0.0183063 -0.173319 0.984696 
-0.0134887 -0.984728 -0.173576 

705.229

C:\Users\Lifeislikeamelody\gitHub\VFX_HW2\TestImage\parrington\prtn07.jpg
384 512

1 0 255.5 
0 1 191.5 
0 0 1 

0.999761 -0.0200241 0.0087317 
-0.0175091 -0.495512 0.868425 
-0.0130627 -0.86837 -0.495744 

704.601

C:\Users\Lifeislikeamelody\gitHub\VFX_HW2\TestImage\parrington\prtn08.jpg
384 512

1 0 255.5 
0 1 191.5 
0 0 1 

0.999771 -0.0213925 0.000719815 
-0.0168334 -0.765043 0.643759 
-0.0132209 -0.643624 -0.765228 

703.708

C:\Users\Lifeislikeamelody\gitHub\VFX_HW2\TestImage\parrington\prtn09.jpg
384 512

1 0 255.5 
0 1 191.5 
0 0 1 

0.99974 -0.0220418 -0.00576175 
-0.0187353 -0.939312 0.342552 
-0.0129625 -0.342355 -0.939481 

704.222

C:\Users\Lifeislikeamelody\gitHub\VFX_HW2\TestImage\parrington\prtn10.jpg
384 512

1 0 255.5 
0 1 191.5 
0 0 1 

0.999718 -0.0202703 -0.0123333 
-0.0201816 -0.99977 0.0072756 
-0.0124779 -0.00702423 -0.999898 

704.552

C:\Users\Lifeislikeamelody\gitHub\VFX_HW2\TestImage\parrington\prtn11.jpg
384 512

1 0 255.5 
0 1 191.5 
0 0 1 

0.999829 -0.00871383 -0.0162451 
-0.0137508 -0.939457 -0.342391 
-0.0122781 0.342556 -0.939417 

703.76

C:\Users\Lifeislikeamelody\gitHub\VFX_HW2\TestImage\parrington\prtn12.jpg
384 512

1 0 255.5 
0 1 191.5 
0 0 1 

0.999787 -0.00374353 -0.020277 
-0.0159308 -0.764573 -0.64434 
-0.0130912 0.644526 -0.76447 

704.202

C:\Users\Lifeislikeamelody\gitHub\VFX_HW2\TestImage\parrington\prtn13.jpg
384 512

1 0 255.5 
0 1 191.5 
0 0 1 

0.999779 0.0035795 -0.0206699 
-0.0160527 -0.503773 -0.863686 
-0.0135046 0.863828 -0.503604 

704.612

C:\Users\Lifeislikeamelody\gitHub\VFX_HW2\TestImage\parrington\prtn14.jpg
384 512

1 0 255.5 
0 1 191.5 
0 0 1 

0.99973 0.0102685 -0.0208083 
-0.0187385 -0.171633 -0.984982 
-0.0136857 0.985107 -0.171394 

704.785

C:\Users\Lifeislikeamelody\gitHub\VFX_HW2\TestImage\parrington\prtn15.jpg
384 512

1 0 255.5 
0 1 191.5 
0 0 1 

0.999735 0.0161092 -0.0164017 
-0.0189676 0.174837 -0.984415 
-0.0129906 0.984465 0.175096 

704.479

C:\Users\Lifeislikeamelody\gitHub\VFX_HW2\TestImage\parrington\prtn16.jpg
384 512

1 0 255.5 
0 1 191.5 
0 0 1 

0.999737 0.0204565 -0.0103713 
-0.0191718 0.497159 -0.867447 
-0.0125888 0.867418 0.497421 

705.05

C:\Users\Lifeislikeamelody\gitHub\VFX_HW2\TestImage\parrington\prtn17.jpg
384 512

1 0 255.5 
0 1 191.5 
0 0 1 

0.999766 0.0215561 -0.00191759 
-0.0178344 0.770465 -0.637233 
-0.0122588 0.637117 0.770669 

705.49

C:\Users\Lifeislikeamelody\gitHub\VFX_HW2\TestImage\parrington\prtn00.jpg
384 512

1 0 255.5 
0 1 191.5 
0 0 1 

0.999829 0.0168381 0.00766154 
-0.0132136 0.939881 -0.341247 
-0.0129469 0.341087 0.939942 

704.968

