C:\Users\Lifeislikeamelody\gitHub\VFX_HW2\TestImage\denny\denny01.jpg
480 640

1 0 319.5 
0 1 239.5 
0 0 1 

0.98053 -0.023798 0.194922 
0.0233414 0.999717 0.00463989 
-0.194977 -5.88251e-008 0.980808 

656.772

C:\Users\Lifeislikeamelody\gitHub\VFX_HW2\TestImage\denny\denny02.jpg
480 640

1 0 319.5 
0 1 239.5 
0 0 1 

0.981056 0.0418863 0.189144 
0.0323321 0.92725 -0.373043 
-0.191009 0.372091 0.90833 

660.159

C:\Users\Lifeislikeamelody\gitHub\VFX_HW2\TestImage\denny\denny03.jpg
480 640

1 0 319.5 
0 1 239.5 
0 0 1 

0.98374 0.10484 0.14582 
0.0336476 0.689967 -0.723059 
-0.176416 0.716208 0.675221 

664.895

C:\Users\Lifeislikeamelody\gitHub\VFX_HW2\TestImage\denny\denny04.jpg
480 640

1 0 319.5 
0 1 239.5 
0 0 1 

0.990144 0.107158 0.0901785 
0.0483251 0.342941 -0.938113 
-0.131452 0.933224 0.334383 

669.724

C:\Users\Lifeislikeamelody\gitHub\VFX_HW2\TestImage\denny\denny05.jpg
480 640

1 0 319.5 
0 1 239.5 
0 0 1 

0.992951 0.110507 0.0428623 
0.0481078 -0.0452449 -0.997817 
-0.108327 0.992845 -0.0502421 

668.872

C:\Users\Lifeislikeamelody\gitHub\VFX_HW2\TestImage\denny\denny06.jpg
480 640

1 0 319.5 
0 1 239.5 
0 0 1 

0.997489 0.0609874 -0.0359955 
0.00586923 -0.57773 -0.816207 
-0.070574 0.813946 -0.576638 

646.69

C:\Users\Lifeislikeamelody\gitHub\VFX_HW2\TestImage\denny\denny07.jpg
480 640

1 0 319.5 
0 1 239.5 
0 0 1 

0.997795 0.0362447 -0.0556059 
0.000158892 -0.839051 -0.544053 
-0.0663752 0.542844 -0.837206 

648.298

C:\Users\Lifeislikeamelody\gitHub\VFX_HW2\TestImage\denny\denny08.jpg
480 640

1 0 319.5 
0 1 239.5 
0 0 1 

0.998 0.030667 -0.0552836 
0.0203078 -0.983633 -0.179036 
-0.0598693 0.177556 -0.982288 

648.152

C:\Users\Lifeislikeamelody\gitHub\VFX_HW2\TestImage\denny\denny09.jpg
480 640

1 0 319.5 
0 1 239.5 
0 0 1 

0.998437 0.0108699 -0.0548153 
0.0222369 -0.977176 0.211261 
-0.0512678 -0.21215 -0.975891 

652.117

C:\Users\Lifeislikeamelody\gitHub\VFX_HW2\TestImage\denny\denny10.jpg
480 640

1 0 319.5 
0 1 239.5 
0 0 1 

0.999323 0.00582583 -0.036315 
0.0254905 -0.82148 0.569667 
-0.0265132 -0.570207 -0.821073 

650.851

C:\Users\Lifeislikeamelody\gitHub\VFX_HW2\TestImage\denny\denny11.jpg
480 640

1 0 319.5 
0 1 239.5 
0 0 1 

0.998712 0.0144133 -0.0486477 
0.049909 -0.451694 0.890776 
-0.00913479 -0.892056 -0.451832 

646.755

C:\Users\Lifeislikeamelody\gitHub\VFX_HW2\TestImage\denny\denny12.jpg
480 640

1 0 319.5 
0 1 239.5 
0 0 1 

0.99807 0.0178875 -0.0594593 
0.0598939 -0.0248271 0.997896 
0.0163737 -0.999531 -0.0258508 

648.083

C:\Users\Lifeislikeamelody\gitHub\VFX_HW2\TestImage\denny\denny13.jpg
480 640

1 0 319.5 
0 1 239.5 
0 0 1 

0.998494 0.0343338 -0.0427807 
0.0284124 0.343419 0.938752 
0.0469227 -0.938554 0.341926 

649.81

C:\Users\Lifeislikeamelody\gitHub\VFX_HW2\TestImage\denny\denny14.jpg
480 640

1 0 319.5 
0 1 239.5 
0 0 1 

0.999729 0.0231746 0.00205151 
-0.0174601 0.689078 0.724477 
0.0153759 -0.724317 0.689296 

654.073

C:\Users\Lifeislikeamelody\gitHub\VFX_HW2\TestImage\denny\denny00.jpg
480 640

1 0 319.5 
0 1 239.5 
0 0 1 

0.979424 -0.08073 0.184961 
0.00168351 0.91974 0.392525 
-0.201804 -0.384138 0.900951 

653.883

